1138132438
1161963340
1163614853
1145378196
1162668678
1140959262
1139574827
1153067271
1164971678
1159143027
1149794270
2257691089
1169220349
1160142567
1155121311
1156193076
1139571370
2214635836
1130674305
1159246505
1168466133
1165741204
1157267303
1157300905
1135792322
1166346077
1121748933
1141436356
1125128868
1139554258
1164467371
1157215411
1131967946
1139175759
1171329317
1134213476
1165983013
1156293541
2245423456
1130586937
1168059515
3758481493
1165808209
1149737474
1158784501
1151510030
1140974572
1131116371
1165402774
1134346458
1144774669
1160181129
1130177901
1168541959
1161328455
1162461428
1164759226
1167559438
1165550350
1165255748
1140374580
1150623138
1131791358
1158602926
1138475036
1150552645
1158663278
2257520211
1137930019
1138300261
1132425609
1156203353
1123831793
1151504033
1156121160
1122520008
1141850774
1130938744
1168638656
3484687704
1133386691
1150027771
1159228813
1133138829
1128602474
1165461607
1164290284
1151855537
1134247311
1169738163
1151385568
1144053030
1133130420
1157532138
1153347321
3424456396
1140565422
1166643201
1151165616
1133339491
1134110905
1165698993
2236921140
1151758113
2613048842
1131170110
3754506626
1144217967
1144123782
1127821460
2324674033
3512768392
1123996444
1149734676
1134414560
1138800783
1125224761
1176164582
1168983955
1121877362
1133773207
1158340695
1163681583
1125099741
3513835220
1161797222
2944652632
1145302647
1137051254
1131108076
1127906687
1130924324
1153125449
1133563391
1144398050
1156168974
1134122638
1161527017
1168625174
1143996854
2613407365
1133331740
1124655455
2246441588
1164259535
1164627849
3813905992
1136766974
1121746051
1124690103
1124587678
1130501970
3624641227
1139398999
1138176348
1128293772
1133501970
1133827573
3402530519
1172368877
1132044293
1145339667
1164276990
1159223927
1125181654
2226603750
1134333528
3826524387
1161553970
1165982012
1144908950
2216069961
1151207600
1159915367
2392609149
3584287692
1161983651
1130231176
2604860846
1150159689
2966756661
1123666208
1135230389
1121592375
1159596671
1155262501
1162467209
2216814675
1126014786
1139394908
1141473685
1124733003
1133086125
1150975955
1156390701
1124544815
1151189725
1156645268
1163060238
1144293471
1144235253
1130000433
1154696804
1133752483
1124039681
1131872538
2323611911
1157698903
1139113681
3434059162
1150947040
1128784332
1156121160
1123831739
1132425609
1137930019
2257520211
1150552645
1164290284
1165461607
1128602474
1133138289
1159228813
1133386691
3484687704
1166643201
1140565422
1157532138
1144053030
1151385568
1169738163
1134247311
1151855537
11 6285-4581
11 3952-8486
11 2715-9979
11 6438-5286
11 6256-1982
11 6666-5215
2236 70-3427
11 3861-6333
11 5924-4678
11 3140-1954
11 5739-4391
11 6707-8840